0.00336632 0.0067323
0.0235642 0.0470113
0.0437622 0.0867753
0.0639601 0.125589
0.084158 0.163026
0.104356 0.198677
0.124554 0.232151
0.144752 0.263082
0.16495 0.291131
0.185148 0.315989
0.205346 0.337386
0.225543 0.355086
0.245741 0.368896
0.265939 0.378665
0.286137 0.384284
0.306335 0.385693
0.326533 0.382877
0.346731 0.375865
0.366929 0.364736
0.387127 0.34961
0.407325 0.330654
0.427523 0.308075
0.447721 0.282121
0.467919 0.253076
0.488116 0.221258
0.508314 0.187016
0.528512 0.150725
0.54871 0.112783
0.568908 0.0736049
0.589106 0.0336205
0.609304 -0.0067323
0.629502 -0.0470113
0.6497 -0.0867753
0.669898 -0.125589
0.690096 -0.163026
0.710294 -0.198677
0.730491 -0.232151
0.750689 -0.263082
0.770887 -0.291131
0.791085 -0.315989
0.811283 -0.337386
0.831481 -0.355086
0.851679 -0.368896
0.871877 -0.378665
0.892075 -0.384284
0.912273 -0.385693
0.932471 -0.382877
0.952669 -0.375865
0.972867 -0.364736
0.993064 -0.34961
1.01326 -0.330654
1.03346 -0.308075
1.05366 -0.282121
1.07386 -0.253076
1.09405 -0.221258
1.11425 -0.187016
1.13445 -0.150725
1.15465 -0.112783
1.17485 -0.0736049
1.19504 -0.0336205
1.00052 0.168503
0.0229314 -0.29688
0.671932 -0.333856
0.815332 -0.240673
0.776636 0.0478512
0.19815 -0.121332
0.30035 0.0860549
0.367077 -0.176862
0.429534 0.334284
0.322941 -0.0916194
0.551867 0.206592
1.11477 0.294283
0.487347 -0.350575
0.824584 -0.368346
0.655278 -0.171723
0.7054 -0.269709
0.0506295 -0.338506
0.105411 -0.230622