-0.183131 -0.07309
-0.169818 -0.0236671
-0.147597 0.021286
-0.142483 0.0802222
-0.135739 0.137907
-0.120666 0.185021
-0.0938607 0.242164
-0.0648262 0.299684
-0.0377456 0.361445
-0.0139084 0.409377
0.00252262 0.443708
0.0100386 0.469975
0.0204981 0.485482
0.035483 0.500485
0.0490321 0.507476
0.0585561 0.515255
0.0633079 0.513426
0.0619916 0.503396
0.0544237 0.491524
0.0517177 0.467959
0.0457071 0.436385
0.0494446 0.402347
0.0436996 0.359826
0.0345874 0.309181
0.0270707 0.262336
0.0145598 0.209699
0.00731697 0.154585
0.0145004 0.100969
0.0307531 0.0426332
0.0447035 -0.0111192
0.0610591 -0.0514353
0.0825019 -0.0953206
0.107876 -0.13042
0.129314 -0.162258
0.159115 -0.182345
0.190711 -0.208211
0.215599 -0.223968
0.233684 -0.234508
0.267217 -0.245054
0.304788 -0.257764
0.333027 -0.264892
0.364075 -0.262606
0.38699 -0.255649
0.411281 -0.245227
0.439515 -0.235637
0.466129 -0.222331
0.492582 -0.205425
0.517713 -0.186166
0.543582 -0.172222
0.572566 -0.158383
0.596327 -0.153731
0.618368 -0.149893
0.639704 -0.143785
0.651727 -0.149563
0.657956 -0.153714
0.673965 -0.148147
0.695535 -0.123736
0.705109 -0.0930747
0.722155 -0.0642781
0.733133 -0.0252081
0.612438 0.476385
0.371837 0.444873
0.314538 0.168777
0.012387 -0.0432071
0.133934 0.164119
0.648524 0.00110983
0.600038 0.199116
0.0931323 -0.181884
0.664911 -0.0287263
0.730847 -0.254273
-0.0336702 0.478577
0.223577 -0.215273
-0.126973 0.513899
0.00157617 -0.0334779
0.224469 0.0038082
0.695012 0.331791
0.505043 -0.159508
0.289791 0.479108