-0.183131447903399 -0.0730900465194125
-0.169817796770599 -0.0236671478060072
-0.147597354530482 0.0212860495155767
-0.142483428044527 0.0802221500098247
-0.135739080387166 0.137907202083528
-0.120665927528901 0.185021389469053
-0.0938607128629590 0.242164268353920
-0.0648261874441722 0.299684279585787
-0.0377455547238835 0.361445404335934
-0.0139083707110246 0.409377071022329
0.00252261876866005 0.443707947021104
0.0100385910609943 0.469975069003012
0.0204980990118346 0.485482198097362
0.0354830367803082 0.500484955874948
0.0490320822055096 0.507476061062976
0.0585560818917922 0.515254942910776
0.0633079432793060 0.513426135145606
0.0619916423829874 0.503395909778316
0.0544237457414316 0.491523533602681
0.0517176968557022 0.467958587808533
0.0457070959285579 0.436385035576162
0.0494446267269552 0.402347290652716
0.0436995922965831 0.359825854806055
0.0345874498426440 0.309180626584545
0.0270706952991906 0.262336050976528
0.0145598252081959 0.209699331416175
0.00731697166798567 0.154584706823171
0.0145004072024128 0.100969186013129
0.0307531463203025 0.0426331806959421
0.0447034691221347 -0.0111191954541379
0.0610591287271043 -0.0514352689019138
0.0825019338585430 -0.0953206349706136
0.107876367228026 -0.130420326804710
0.129314105272406 -0.162258430599513
0.159115449014771 -0.182344588596828
0.190711497194954 -0.208211224005260
0.215599309199315 -0.223967881504894
0.233683564789725 -0.234508421556507
0.267216573210869 -0.245053632175931
0.304787672497923 -0.257763898695491
0.333026996861631 -0.264891698543207
0.364074843520964 -0.262606406074999
0.386989898656468 -0.255648525884243
0.411281209604988 -0.245227198236989
0.439514526258776 -0.235637320585236
0.466128875957680 -0.222330655933120
0.492581578040592 -0.205425153992388
0.517713168395400 -0.186165681104818
0.543582176803741 -0.172222295616996
0.572566351744346 -0.158382859448950
0.596326600497510 -0.153731373243903
0.618367793737186 -0.149892870519913
0.639704327394378 -0.143784943916049
0.651727082025604 -0.149562569260246
0.657956328250928 -0.153713590642310
0.673964808658693 -0.148147352151181
0.695535276007902 -0.123735886285908
0.705108837093826 -0.0930746617625910
0.722154602655887 -0.0642781440932290
0.733132992346646 -0.0252080684818394