0.00336632019743123 0.00673229858681096
0.0235642413820186 0.0470113282847520
0.0437621625666060 0.0867752920322524
0.0639600837511934 0.125588527521350
0.0841580049357807 0.163025788821835
0.104355926120368 0.198676905464648
0.124553847304955 0.232151276355376
0.144751768489543 0.263082149281576
0.164949689674130 0.291130639126768
0.185147610858718 0.315989440766684
0.205345532043305 0.337386195968519
0.225543453227892 0.355086477404722
0.245741374412480 0.368896357087857
0.265939295597067 0.378664531086211
0.286137216781655 0.384283977241338
0.306335137966242 0.385693127725216
0.326533059150829 0.382876543590261
0.346730980335417 0.375865083921663
0.366928901520004 0.364735567738795
0.387126822704591 0.349609932349955
0.407324743889179 0.330653897381708
0.427522665073766 0.308075149119970
0.447720586258354 0.282121065055604
0.467918507442941 0.253076003564861
0.488116428627528 0.221258188419503
0.508314349812116 0.187016222260568
0.528512270996703 0.150725267234885
0.548710192181290 0.112782934640088
0.568908113365878 0.0736049286120270
0.589106034550465 0.0336204915832712
0.609303955735053 -0.00673229858681084
0.629501876919640 -0.0470113282847521
0.649699798104227 -0.0867752920322524
0.669897719288815 -0.125588527521350
0.690095640473402 -0.163025788821835
0.710293561657989 -0.198676905464648
0.730491482842577 -0.232151276355376
0.750689404027164 -0.263082149281576
0.770887325211751 -0.291130639126768
0.791085246396339 -0.315989440766684
0.811283167580926 -0.337386195968519
0.831481088765514 -0.355086477404722
0.851679009950101 -0.368896357087857
0.871876931134688 -0.378664531086211
0.892074852319276 -0.384283977241338
0.912272773503863 -0.385693127725216
0.932470694688451 -0.382876543590261
0.952668615873038 -0.375865083921663
0.972866537057625 -0.364735567738795
0.993064458242213 -0.349609932349955
1.01326237942680 -0.330653897381708
1.03346030061139 -0.308075149119970
1.05365822179598 -0.282121065055604
1.07385614298056 -0.253076003564861
1.09405406416515 -0.221258188419503
1.11425198534974 -0.187016222260568
1.13444990653432 -0.150725267234885
1.15464782771891 -0.112782934640088
1.17484574890350 -0.0736049286120269
1.19504367008809 -0.0336204915832713