-0.0979845245682603 0.610027085450119
-0.0811876313776609 0.616825549377699
-0.0785892617046797 0.591859058196728
-0.0680415058164533 0.569497183699194
-0.0563107539373491 0.548039242874872
-0.0555256125880243 0.630865695605360
-0.0589942546479735 0.622104396074710
-0.0373358958594674 0.533335250261726
-0.0354915889676358 0.638398940145498
-0.0198457133823305 0.516307345539177
-0.0278175345469275 0.590446337464829
-0.0266147087592699 0.580720658834313
-0.00072443541736019 0.499950208627528
-0.0101359102914472 0.644756712013905
-0.0184456237161207 0.637147017087918
0.0274608129459393 0.479093895041571
0.0427254269810183 0.469029182179418
0.0110250618847607 0.658948983098571
0.0495687508497517 0.474306685229300
0.0681085769881850 0.460626611404554
0.0192586287425289 0.667152732817260
0.0402699715417485 0.676738270784910
0.113195748659049 0.442780636202829
0.146766666516237 0.437003883723439
0.159295924317406 0.428813304365675
0.0740574901862046 0.682759103690264
0.0843046992674833 0.696635993364590
0.205114339475815 0.418330534759750
0.108359776498818 0.718648101392585
0.252460751369181 0.407830237142796
0.279389043152495 0.392270026632858
0.160690311547496 0.604993612700231
0.176960076975733 0.577569153442681
0.307737210680237 0.382404777852654
0.136444167647993 0.736224597355762
0.157162223466102 0.642342182030356
0.230135419987131 0.506549498580934
0.241090921708899 0.488784656304404
0.255273221288757 0.467780274218810
0.341446432790115 0.366428250387534
0.138312797723055 0.759939335058280
0.174591057905674 0.673733930016208
0.215731461250819 0.578045660650080
0.244575291162279 0.513301341075037
0.278357037432740 0.453757246575915
0.297695416551334 0.437396258252112
0.375927487588806 0.356219123955609
0.152160076381131 0.770712957370561
0.334856954020596 0.416285699910790
0.350233195600254 0.399066338345501
0.400186719385846 0.341984432633449
0.154417719161269 0.795630729408195
0.190493599881397 0.708420698878129
0.236909500099807 0.603602826975799
0.283514842778107 0.500668486016412
0.370644249925377 0.390609165821746
0.388074948092873 0.371346787710195
0.417997528893455 0.351121670056615
0.432118838757935 0.332700295221883
0.163180298684942 0.814602834447744
0.322713056616628 0.480371695374831
0.191319394189079 0.732912163933476
0.236873897285720 0.626275939940652
0.194448549598659 0.822769981627662
0.194601113647448 0.783684465731078
0.192607262877928 0.758002830302215
0.253340678059611 0.638890230247604
0.342536126932576 0.470694432169386
0.365697379621336 0.457006479228722
0.462368473227822 0.324049373167200
0.472427372576667 0.317376990892054
0.182101140755816 0.861528324092829
0.201569287077365 0.904347891454069
0.195671531377308 0.869591611726207
0.201545990806187 0.836842099582915
0.272059269164811 0.672344726101061
0.421318634902726 0.427390799720306
0.209705290390853 0.933043542045995
0.219524679272848 0.948415205307958
0.291597808449685 0.695855203575295
0.397494998267959 0.512894606686955
0.412226194574651 0.481996821734255
0.432640209962179 0.454080598262489
0.464350370911951 0.429432191590865
0.479937812867165 0.409590912698222
0.341408015337305 0.614233341133948
0.361775137713674 0.579590990905774
0.382570812307553 0.545977450919102
0.339957507125646 0.640502564169204
0.342080734026185 0.661429328865466
0.493698500917037 0.424114917122534
0.514086115990634 0.405279800618659
0.530498389106586 0.391306154314726
0.332812239820452 0.720599591144072
0.356519323578215 0.686445892636112
0.360476156142643 0.736525330939936
0.356676567234507 0.714377269439828
0.382681232063191 0.751276826896964