0.281609 0.597701
0.310345 0.614943
0.310345 0.586207
0.321839 0.563218
0.333333 0.54023
0.350575 0.643678
0.344828 0.632184
0.356322 0.528736
0.37931 0.66092
0.373563 0.511494
0.385057 0.609195
0.385057 0.597701
0.390805 0.494253
0.413793 0.678161
0.402299 0.666667
0.413793 0.471264
0.425287 0.45977
0.442529 0.701149
0.436782 0.471264
0.448276 0.454023
0.454023 0.712644
0.482759 0.729885
0.482759 0.436782
0.511494 0.436782
0.517241 0.425287
0.528736 0.747126
0.545977 0.764368
0.551724 0.41954
0.586207 0.793103
0.586207 0.413793
0.597701 0.390805
0.609195 0.683908
0.614943 0.655172
0.614943 0.37931
0.632184 0.816092
0.62069 0.724138
0.632184 0.574713
0.632184 0.551724
0.632184 0.522989
0.632184 0.356322
0.643678 0.83908
0.655172 0.758621
0.655172 0.66092
0.649425 0.586207
0.643678 0.505747
0.649425 0.482759
0.655172 0.344828
0.666667 0.850575
0.666667 0.454023
0.666667 0.425287
0.666667 0.321839
0.678161 0.873563
0.689655 0.793103
0.689655 0.689655
0.678161 0.574713
0.678161 0.413793
0.678161 0.37931
0.689655 0.344828
0.689655 0.310345
0.695402 0.890805
0.701149 0.551724
0.701149 0.816092
0.701149 0.712644
0.735632 0.896552
0.724138 0.862069
0.712644 0.83908
0.724138 0.724138
0.712644 0.54023
0.724138 0.522989
0.712644 0.298851
0.718391 0.287356
0.729885 0.931034
0.758621 0.965517
0.747126 0.936782
0.747126 0.908046
0.758621 0.752874
0.752874 0.482759
0.770115 0.988506
0.781609 1
0.787356 0.770115
0.787356 0.586207
0.781609 0.551724
0.781609 0.517241
0.793103 0.482759
0.793103 0.454023
0.793103 0.689655
0.793103 0.655172
0.793103 0.62069
0.804598 0.712644
0.816092 0.729885
0.816092 0.471264
0.821839 0.442529
0.827586 0.41954
0.833333 0.781609
0.83908 0.747126
0.862069 0.787356
0.850575 0.770115
0.885057 0.793103
0.71813 0.975856
0.714116 0.444938
0.377996 0.987979
0.477951 0.59748
0.760363 0.481102
0.851834 0.625061
0.812087 0.314749
0.722813 0.756454
0.46018 0.587522
0.829731 0.783793
0.610272 0.678778
0.326769 0.946374
0.298776 0.399039
0.524009 0.918721
0.472281 0.362894
0.682168 0.429648
0.770448 0.547736
0.338489 0.888844
0.876907 0.545985
0.771728 0.866146
0.746263 0.55779
0.62729 0.580777
0.304203 0.754843
0.550293 0.58543
0.390466 0.803622
0.294786 0.501025
0.435456 0.443051
0.335407 0.723115
0.883429 0.749607