-0.0979845 0.610027
-0.0811876 0.616826
-0.0785893 0.591859
-0.0680415 0.569497
-0.0563108 0.548039
-0.0555256 0.630866
-0.0589943 0.622104
-0.0373359 0.533335
-0.0354916 0.638399
-0.0198457 0.516307
-0.0278175 0.590446
-0.0266147 0.580721
-0.000724435 0.49995
-0.0101359 0.644757
-0.0184456 0.637147
0.0274608 0.479094
0.0427254 0.469029
0.0110251 0.658949
0.0495688 0.474307
0.0681086 0.460627
0.0192586 0.667153
0.04027 0.676738
0.113196 0.442781
0.146767 0.437004
0.159296 0.428813
0.0740575 0.682759
0.0843047 0.696636
0.205114 0.418331
0.10836 0.718648
0.252461 0.40783
0.279389 0.39227
0.16069 0.604994
0.17696 0.577569
0.307737 0.382405
0.136444 0.736225
0.157162 0.642342
0.230135 0.506549
0.241091 0.488785
0.255273 0.46778
0.341446 0.366428
0.138313 0.759939
0.174591 0.673734
0.215731 0.578046
0.244575 0.513301
0.278357 0.453757
0.297695 0.437396
0.375927 0.356219
0.15216 0.770713
0.334857 0.416286
0.350233 0.399066
0.400187 0.341984
0.154418 0.795631
0.190494 0.708421
0.23691 0.603603
0.283515 0.500668
0.370644 0.390609
0.388075 0.371347
0.417998 0.351122
0.432119 0.3327
0.16318 0.814603
0.322713 0.480372
0.191319 0.732912
0.236874 0.626276
0.194449 0.82277
0.194601 0.783684
0.192607 0.758003
0.253341 0.63889
0.342536 0.470694
0.365697 0.457006
0.462368 0.324049
0.472427 0.317377
0.182101 0.861528
0.201569 0.904348
0.195672 0.869592
0.201546 0.836842
0.272059 0.672345
0.421319 0.427391
0.209705 0.933044
0.219525 0.948415
0.291598 0.695855
0.397495 0.512895
0.412226 0.481997
0.43264 0.454081
0.46435 0.429432
0.479938 0.409591
0.341408 0.614233
0.361775 0.579591
0.382571 0.545977
0.339958 0.640503
0.342081 0.661429
0.493699 0.424115
0.514086 0.40528
0.530498 0.391306
0.332812 0.7206
0.356519 0.686446
0.360476 0.736525
0.356677 0.714377
0.382681 0.751277
0.157326 0.781658
-0.0753995 0.917572
0.299293 0.505244
0.5234 0.614134
0.149433 0.641807
0.522542 0.901606
0.366223 0.801848
-0.0891896 0.760157
0.292942 0.592544
0.00222513 0.373562
0.21683 0.769361
0.182292 0.663182
-0.0665696 0.409404
0.272702 0.75165
0.0867835 0.911385
0.37695 0.400963
0.0237018 0.609358
0.357395 0.741124
0.312215 0.796921
0.367471 0.592366
0.359461 0.43815
-0.0794585 0.574474
0.477701 0.336965
0.432901 0.874222
0.0789535 0.710844
0.330635 0.939518
0.368526 0.48136
0.323343 0.581134
0.244181 0.669778