0.281609195402299 0.597701149425287
0.310344827586207 0.614942528735632
0.310344827586207 0.586206896551724
0.321839080459770 0.563218390804598
0.333333333333333 0.540229885057471
0.350574712643678 0.643678160919540
0.344827586206897 0.632183908045977
0.356321839080460 0.528735632183908
0.379310344827586 0.660919540229885
0.373563218390805 0.511494252873563
0.385057471264368 0.609195402298851
0.385057471264368 0.597701149425287
0.390804597701149 0.494252873563218
0.413793103448276 0.678160919540230
0.402298850574713 0.666666666666667
0.413793103448276 0.471264367816092
0.425287356321839 0.459770114942529
0.442528735632184 0.701149425287356
0.436781609195402 0.471264367816092
0.448275862068966 0.454022988505747
0.454022988505747 0.712643678160920
0.482758620689655 0.729885057471264
0.482758620689655 0.436781609195402
0.511494252873563 0.436781609195402
0.517241379310345 0.425287356321839
0.528735632183908 0.747126436781609
0.545977011494253 0.764367816091954
0.551724137931035 0.419540229885057
0.586206896551724 0.793103448275862
0.586206896551724 0.413793103448276
0.597701149425287 0.390804597701149
0.609195402298851 0.683908045977012
0.614942528735632 0.655172413793103
0.614942528735632 0.379310344827586
0.632183908045977 0.816091954022989
0.620689655172414 0.724137931034483
0.632183908045977 0.574712643678161
0.632183908045977 0.551724137931035
0.632183908045977 0.522988505747126
0.632183908045977 0.356321839080460
0.643678160919540 0.839080459770115
0.655172413793103 0.758620689655172
0.655172413793103 0.660919540229885
0.649425287356322 0.586206896551724
0.643678160919540 0.505747126436782
0.649425287356322 0.482758620689655
0.655172413793103 0.344827586206897
0.666666666666667 0.850574712643678
0.666666666666667 0.454022988505747
0.666666666666667 0.425287356321839
0.666666666666667 0.321839080459770
0.678160919540230 0.873563218390805
0.689655172413793 0.793103448275862
0.689655172413793 0.689655172413793
0.678160919540230 0.574712643678161
0.678160919540230 0.413793103448276
0.678160919540230 0.379310344827586
0.689655172413793 0.344827586206897
0.689655172413793 0.310344827586207
0.695402298850575 0.890804597701149
0.701149425287356 0.551724137931035
0.701149425287356 0.816091954022989
0.701149425287356 0.712643678160920
0.735632183908046 0.896551724137931
0.724137931034483 0.862068965517241
0.712643678160920 0.839080459770115
0.724137931034483 0.724137931034483
0.712643678160920 0.540229885057471
0.724137931034483 0.522988505747126
0.712643678160920 0.298850574712644
0.718390804597701 0.287356321839080
0.729885057471264 0.931034482758621
0.758620689655172 0.965517241379310
0.747126436781609 0.936781609195402
0.747126436781609 0.908045977011494
0.758620689655172 0.752873563218391
0.752873563218391 0.482758620689655
0.770114942528736 0.988505747126437
0.781609195402299 1
0.787356321839080 0.770114942528736
0.787356321839080 0.586206896551724
0.781609195402299 0.551724137931035
0.781609195402299 0.517241379310345
0.793103448275862 0.482758620689655
0.793103448275862 0.454022988505747
0.793103448275862 0.689655172413793
0.793103448275862 0.655172413793103
0.793103448275862 0.620689655172414
0.804597701149425 0.712643678160920
0.816091954022989 0.729885057471264
0.816091954022989 0.471264367816092
0.821839080459770 0.442528735632184
0.827586206896552 0.419540229885057
0.833333333333333 0.781609195402299
0.839080459770115 0.747126436781609
0.862068965517241 0.787356321839080
0.850574712643678 0.770114942528736
0.885057471264368 0.793103448275862